epoch, loss, accruacy, val loss, val accuracy
1
0.6991
0.8472
0.3468
0.9138
2
0.3758
0.9000
0.2858
0.9247
3
0.3305
0.9092
0.2625
0.9305
4
0.3093
0.9146
0.2482
0.9325
5
0.2966
0.9177
0.2419
0.9350
6
0.2875
0.9204
0.2373
0.9343
7
0.2815
0.9213
0.2336
0.9360
8
0.2766
0.9229
0.2306
0.9392
9
0.2722
0.9238
0.2287
0.9388
10
0.2690
0.9248
0.2286
0.9392
11
0.2662
0.9253
0.2263
0.9403
12
0.2636
0.9266
0.2235
0.9402
13
0.2613
0.9274
0.2241
0.9383
14
0.2598
0.9280
0.2263
0.9398
15
0.2573
0.9284
0.2232
0.9405
0.26423367857933044
0.9265999794006348