Round
Train (Sparse Categorical Acc)
Loss
test (sc Acc)
Loss
1
.12098361
3.039463
0.09562794
2.3140016
2
.13886987
2.951606
0.23515067
2.1446195
3
.15135579
2.851757
0.3346107
2.0733654
4
.17619048
2.740065
0.35864833
1.961788
5
.19354284
2.618989
0.503745
1.8638526
6
.2143212
.5587165
0.43529o
1.8953747
7
.24381375
2.408498
0.3868664
1.7884682
8
.25741702
2.315448
0.56784534
1.6958642
9
.2887543
.2366433
0.59292805
1.621215
10
0.29842553
2.176738
0.5911862
1.5694187
11
0.3424588
2.043911
0.6272426
1.5291927
12
0.36016878
1.969838
0.5338791
1.529507
13
0.3828176
1.8746854
0.7078906
1.4061968
14
0.3682663
1.9150093
0.613482
1.395556
15
0.41751036
1.768280
0.7294896
1.3212576
16
0.4626506
1.6615503
0.62846196
1.3624117
17
0.4483816
1.718842
0.71468383
1.2680968
18
0.5090684
1.5484226
0.7059746
1.2511557
19
0.4969697
1.5540198
0.71816754
1.2286184
20
0.5237751
1.4837905
0.7040585
1.1979276
21
0.55022734
1.421050
0.7308831
1.1573726
22
0.5592459
1.4150357
0.7314057
1.143163
23
0.5622108
1.3876407
0.69935554
1.1589575
24
0.60336417
1.288481
0.7380247
1.098866
25
0.6259133
1.2315034
0.7655461
1.0592358
26
0.62642884
1.232897
0.7658945
1.0361212
27
0.601904
.3018275
0.71468383
1.0698701
28
0.60118544
1.291958
0.7369796
1.0510248
29
0.6541235
1.1497308
0.74743074
1.0133388
30
0.6389273
1.198267
0.7554433
1.00396
31
0.6143274
1.2485414
0.7627591
0.97224605
32
0.61159885
1.270367
0.77669394
0.94920915
33
0.6584317
1.1329043
0.765128
0.95560086
34
0.66269183
1.113856
0.78540325
0.9250547
35
0.7201623
0.9975872
0.7859258
0.91990274
36
0.67963874
1.079906
0.7641526
0.92805874
37
0.68095046
1.059657
0.7638042
0.921698
38
0.66544086
1.128743
0.7798293
0.8934856
39
0.72247785
0.971479
0.7820937
0.8811967
40
0.75522995
0.902592
0.7847065
0.8724935
41
0.72288644
0.971857
0.77425534
0.875465
42
0.73047775
0.949027
0.78644836
0.8595067
43
0.72454846
0.970307
0.79254484
0.84835374
44
0.713738
.9935793
0.79010624
0.8426349
45
0.7109868
0.9977594
0.7930674
0.8307483
46
0.7318962
0.9520833
0.7979446
0.82206964
47
0.73642653
0.931284
0.7740812
0.84823877
48
0.77520126
0.845289
0.78331304
0.8211167
49
0.77796745
0.806362
0.7897579
0.80812275
50
0.762935
.86451167
0.7942867
0.8020733
51
0.73154813
0.946125
0.80020905
0.79208636
52
0.7748122
0.8262315
0.7918481
0.7957092
53
0.7450716
0.9007287
0.7873193
0.798976
54
0.7310597
0.9277276
0.7934158
0.78104764
55
0.77173483
0.826204
0.80334437
0.77107376
56
0.75874585
0.857964
0.8042153
0.76545465
57
0.77931315
0.793792
0.7885386
0.7858922
58
0.7782809
0.8067409
0.7855774
0.7826485
59
0.76018876
0.820473
0.7951576
0.7637386
60
0.7782553
0.7998385
0.8005574
0.7566431
61
0.7506019
0.8590867
0.80456364
0.7438339
62
0.7454623
0.8691108
0.790803
0.75356156
63
0.7803005
0.7785454
0.7923707
0.7515877
64
0.78875715
0.744542
0.7989897
0.7436265
65
0.7831408
0.7877457
0.807699
0.7307561
66
0.7979449
0.7199025
0.79498345
0.7438334
67
0.79168975
0.757975
0.80334437
0.7279704
68
0.8169435
0.7058937
0.8014283
0.7297222
69
0.7848027
0.7796557
0.79777044
0.73817277
70
0.7926697
0.7386755
0.80491203
0.7198341
71
0.7874096
0.7573209
0.8014283
0.72071165
72
0.7895652
0.7462898
0.7989897
0.7218875
73
0.8162819
0.675394
0.8010799
0.7168493
74
0.8132107
0.7005592
0.80334437
0.71053123
75
0.7958541
0.7231474
0.802996
0.71282905
76
0.8215088
0.6687349
0.8024734
0.71216136
77
0.81890094
0.667733
0.8101376
0.69322145
78
0.7971879
0.7232737
0.8066539
0.69837666
79
0.8070529
0.714736
0.8038669
0.7041367
80
0.81142145
0.696652
0.80595714
0.70051146
81
0.8072633
0.7138807
0.80456364
0.69847995
82
0.82575506
0.650286
0.8092667
0.6906782
83
0.8218652
0.6865055
0.7895837
0.7059991
84
0.80074847
0.687577
0.80944085
0.6845206
85
0.817608
.6706028
0.81187946
0.67946965
86
0.8467172
0.602517
0.8103118
0.6821522
87
0.8065915
0.6986608
0.8090925
0.6785753
88
0.8238485
0.6331389
0.80264765
0.68378717
89
0.83349115
0.620516
0.8130988
0.6713031
90
0.8031936
0.6905585
0.81187946
0.6716371
91
0.82205063
0.645790
0.8130988
0.6681567
92
0.82266897
0.645549
0.7989897
0.69083905
93
0.8134037
0.6691802
0.8127504
0.6674399
94
0.8033969
0.6996994
0.8164083
0.65749156
95
0.85885245
0.559961
0.81536317
0.65764713
96
0.84577924
0.590767
0.80334437
0.67845494
97
0.84804654
0.567879
0.8120536
0.6598134
98
0.8113394
0.6526546
0.8090925
0.663804
99
0.8177182
0.6383322
0.80334437
0.6756639
100
0.82938915
0.618747
0.8139697
0.65714025
